[08:58:13.490]收←◆42 4D 00 1C 00 09 00 0B 00 0C 00 09 00 0B 00 0C 09 5A 01 E3 00 2B 00 04 00 01 00 00 91 00 02 F3 
[08:58:14.393]收←◆42 4D 00 1C 00 07 00 0B 00 0C 00 07 00 0B 00 0C 09 5A 01 E2 00 2D 00 03 00 01 00 00 91 00 02 EF 
[08:58:15.226]收←◆42 4D 00 1C 00 07 00 0B 00 0C 00 07 00 0B 00 0C 09 5A 01 E2 00 2D 00 03 00 01 00 00 91 00 02 EF 
[08:58:16.059]收←◆42 4D 00 1C 00 07 00 0B 00 0C 00 07 00 0B 00 0C 09 5A 01 E2 00 2D 00 03 00 01 00 00 91 00 02 EF 
[08:58:16.961]收←◆42 4D 00 1C 00 07 00 0A 00 0C 00 07 00 0A 00 0C 09 57 01 E5 00 2F 00 03 00 01 00 00 91 00 02 EF 
[08:58:17.794]收←◆42 4D 00 1C 00 07 00 0A 00 0C 00 07 00 0A 00 0C 09 57 01 E5 00 2F 00 03 00 01 00 00 91 00 02 EF 
[08:58:18.626]收←◆42 4D 00 1C 00 07 00 0A 00 0C 00 07 00 0A 00 0C 09 57 01 E5 00 2F 00 03 00 01 00 00 91 00 02 EF 
[08:58:19.535]收←◆42 4D 00 1C 00 0D 00 10 00 11 00 0D 00 10 00 11 0F 81 02 FE 00 31 00 04 00 01 00 00 91 00 03 5E 
[08:58:20.439]收←◆42 4D 00 1C 00 0D 00 10 00 10 00 0D 00 10 00 10 0F F0 02 F8 00 2E 00 03 00 00 00 00 91 00 03 C0 
[08:58:21.342]收←◆42 4D 00 1C 00 0D 00 10 00 10 00 0D 00 10 00 10 0F C6 02 F0 00 2B 00 03 00 00 00 00 91 00 03 8B 
[08:58:22.244]收←◆42 4D 00 1C 00 09 00 0B 00 0D 00 09 00 0B 00 0D 0A 6B 02 2B 00 26 00 03 00 00 00 00 91 00 02 49 
[08:58:23.149]收←◆42 4D 00 1C 00 09 00 0C 00 0C 00 09 00 0C 00 0C 0B CA 02 29 00 2A 00 03 00 00 00 00 91 00 02 AB 
[08:58:24.053]收←◆42 4D 00 1C 00 09 00 0C 00 0C 00 09 00 0C 00 0C 0B FD 02 36 00 2A 00 03 00 00 00 00 91 00 02 EB 
[08:58:24.955]收←◆42 4D 00 1C 00 09 00 0C 00 0C 00 09 00 0C 00 0C 0C 00 02 30 00 2C 00 03 00 00 00 00 91 00 01 EB 
[08:58:25.859]收←◆42 4D 00 1C 00 09 00 0C 00 0C 00 09 00 0C 00 0C 0C 12 02 2E 00 26 00 02 00 00 00 00 91 00 01 F4 
[08:58:26.762]收←◆42 4D 00 1C 00 09 00 0C 00 0C 00 09 00 0C 00 0C 0B F7 02 2E 00 2A 00 02 00 00 00 00 91 00 02 DC 
[08:58:27.665]收←◆42 4D 00 1C 00 09 00 0C 00 0C 00 09 00 0C 00 0C 0B FA 02 2C 00 2A 00 02 00 00 00 00 91 00 02 DD 
[08:58:28.568]收←◆42 4D 00 1C 00 05 00 08 00 08 00 05 00 08 00 08 05 E2 01 1A 00 2D 00 01 00 00 00 00 91 00 02 96 
[08:58:29.472]收←◆42 4D 00 1C 00 05 00 07 00 07 00 05 00 07 00 07 05 70 01 18 00 30 00 01 00 00 00 00 91 00 02 21 
[08:58:30.375]收←◆42 4D 00 1C 00 05 00 08 00 08 00 05 00 08 00 08 05 88 01 1F 00 31 00 02 00 01 00 00 91 00 02 47 
[08:58:31.207]收←◆42 4D 00 1C 00 05 00 08 00 08 00 05 00 08 00 08 05 88 01 1F 00 31 00 02 00 01 00 00 91 00 02 47 
[08:58:32.039]收←◆42 4D 00 1C 00 05 00 08 00 08 00 05 00 08 00 08 05 88 01 1F 00 31 00 02 00 01 00 00 91 00 02 47 
[08:58:32.942]收←◆42 4D 00 1C 00 05 00 08 00 08 00 05 00 08 00 08 05 91 01 22 00 31 00 02 00 01 00 00 91 00 02 53 
[08:58:33.775]收←◆42 4D 00 1C 00 05 00 08 00 08 00 05 00 08 00 08 05 91 01 22 00 31 00 02 00 01 00 00 91 00 02 53 
[08:58:34.608]收←◆42 4D 00 1C 00 05 00 08 00 08 00 05 00 08 00 08 05 91 01 22 00 31 00 02 00 01 00 00 91 00 02 53 
[08:58:35.511]收←◆42 4D 00 1C 00 05 00 08 00 08 00 05 00 08 00 08 04 2C 01 25 00 30 00 02 00 01 00 00 91 00 01 EF 
[08:58:36.344]收←◆42 4D 00 1C 00 05 00 08 00 08 00 05 00 08 00 08 04 2C 01 25 00 30 00 02 00 01 00 00 91 00 01 EF 
[08:58:37.176]收←◆42 4D 00 1C 00 05 00 08 00 08 00 05 00 08 00 08 04 2C 01 25 00 30 00 02 00 01 00 00 91 00 01 EF 
[08:58:38.079]收←◆42 4D 00 1C 00 05 00 07 00 08 00 05 00 07 00 08 04 44 01 23 00 2C 00 01 00 01 00 00 91 00 01 FE 
[08:58:38.915]收←◆42 4D 00 1C 00 05 00 07 00 08 00 05 00 07 00 08 04 44 01 23 00 2C 00 01 00 01 00 00 91 00 01 FE 
[08:58:39.745]收←◆42 4D 00 1C 00 05 00 07 00 08 00 05 00 07 00 08 04 44 01 23 00 2C 00 01 00 01 00 00 91 00 01 FE 
[08:58:40.649]收←◆42 4D 00 1C 00 05 00 08 00 08 00 05 00 08 00 08 05 3D 01 3D 00 2C 00 01 00 01 00 00 91 00 02 14 

